#ip 1
0 seti 123 0 5 
[0,0,0,0,0,0] -> [0,0,0,0,0,123]
1 bani 5 456 5  
[0,1,0,0,0,123] -> [0,1,0,0,0,72]
2 eqri 5 72 5 
[0,2,0,0,0,72] -> [0,2,0,0,0,1]
3 addr 5 1 1
[0,3,0,0,0,1] -> [0,4,0,0,0,1]
4 seti 0 0 1
5 seti 0 3 5
[0,5,0,0,0,1] -> [0,5,0,0,0,0]
6 bori 5 65536 4
[0,6,0,0,0,0] -> [0,6,0,0,65536,0]
7 seti 13284195 4 5
[0,7,0,0,65536,0] -> [0,7,0,0,65536,13284195]
8 bani 4 255 3
[0,8,0,0,65536,13284195] -> [0,8,0,0,65536,13284195]
9 addr 5 3 5
[0,9,0,0,65536,13284195] -> [0,9,0,0,65536,13284195]
10 bani 5 16777215 5
[0,10,0,0,65536,13284195] -> [0,10,0,0,65536,13284195]
11 muli 5 65899 5
[0,11,0,0,65536,13284195] -> [0,11,0,0,65536,875415166305]
12 bani 5 16777215 5
[0,12,0,0,65536,13284195] -> [0,12,0,0,65536,13589857]
13 gtir 256 4 3
[0,13,0,0,65536,13589857] -> [0,13,0,1,65536,13589857]
14 addr 3 1 1
[0,14,0,1,65536,13589857] -> [0,15,0,1,65536,13589857]
15 addi 1 1 1
---16 seti 27 1 1
[0,16,0,1,65536,13589857] -> [0,27,0,1,65536,13589857]
***17 seti 0 5 3
18 addi 3 1 2
19 muli 2 256 2
20 gtrr 2 4 2
21 addr 2 1 1
22 addi 1 1 1
23 seti 25 2 1
24 addi 3 1 3
25 seti 17 1 1
26 setr 3 7 4
27 seti 7 3 1
28 eqrr 5 0 3
[0,27,0,1,65536,13589857] -> [0,27,0,1,65536,13589857]
29 addr 3 1 1
30 seti 5 3 1
